((("maximized" .
   [0 0 0 0 1 0 0 0 0])
  ("load-theme" .
   [1 0 0 0 0 0 0 0 0 0])
  ("Zenburn" .
   [0 0 0 0 1 0 0])
  ("ghar" .
   [1 0 0 0])
  ("piya" .
   [1 0 0 0])
  ("mora" .
   [1 0 0 0])
  ("paaya" .
   [1 0 0 0 0])
  ("nahi" .
   [1 0 0 0])
  ("kya" .
   [1 0 0])
  ("maine" .
   [1 0 0 0 0])
  ("jab" .
   [1 0 0])
  ("ki" .
   [1 0])
  ("kitne" .
   [1 0 0 0 0])
  ("sir" .
   [2 0 0])
  ("mein" .
   [2 0 0 0])
  ("hai" .
   [1 0 0])
  ("aata" .
   [1 0 0 0])
  ("marammat" .
   [1 0 0 0 0 0 0 0])
  ("khushboo" .
   [0 0 0 0 1 0 0 0])
  ("woh" .
   [1 0 0])
  ("such" .
   [1 0 0 0])
  ("jaata" .
   [1 0 0 0 0])
  ("thi" .
   [4 0 0])
  ("tha" .
   [2 0 0])
  ("nazar" .
   [3 0 0 0 0])
  ("jhoomta" .
   [0 0 0 0 0 1 0])
  ("sabko" .
   [1 0 0 0 0])
  ("piye" .
   [1 0 0 0])
  ("mastiya" .
   [1 0 0 0 0 0 0])
  ("jhukne" .
   [1 0 0 0 0 0])
  ("dar" .
   [1 0 0])
  ("bhi" .
   [1 0 0])
  ("maathe" .
   [1 0 0 0 0 0])
  ("laaya" .
   [1 0 0 0 0])
  ("aaya" .
   [11 0 0 0])
  ("tere" .
   [2 0 0 0])
  ("mukaddar" .
   [0 0 0 0 1 0 0 0])
  ("hoon" .
   [2 0 0 0])
  ("mere" .
   [4 0 0 0])
  ("kar" .
   [2 0 0])
  ("par" .
   [4 0 0])
  ("taraane" .
   [0 0 0 0 1 0 0])
  ("maula" .
   [19 0 1 0 3])
  ("main" .
   [3 0 0 0])
  ("father" .
   [0 0 0 1 0 0])
  ("last" .
   [1 0 0 0])
  ("never" .
   [1 0 0 0 0])
  ("stars" .
   [1 0 0 0 0])
  ("falling" .
   [1 0 0 0 0 0 0])
  ("drenched" .
   [0 0 0 1 0 0 0 0])
  ("comes" .
   [1 0 0 0 0])
  ("when" .
   [4 0 0 0])
  ("innocent" .
   [1 0 0 0 0 1 0 0])
  ("apast" .
   [2 0 0 0 0])
  ("has" .
   [2 0 0])
  ("again" .
   [3 0 0 0 0])
  ("my" .
   [3 0])
  ("the" .
   [9 0 0])
  ("ends" .
   [5 0 0 0])
  ("september" .
   [1 0 1 2 1 0 0 0 0])
  ("whne" .
   [1 0 0 0])
  ("wake" .
   [4 0 0 0])
  ("fast" .
   [1 0 0 0])
  ("come" .
   [7 0 0 0])
  ("like" .
   [3 0 0 0])
  ("up" .
   [5 0])
  ("me" .
   [5 0])
  ("have" .
   [2 0 0 0])
  ("day" .
   [1 0 0])
  ("far" .
   [1 0 0])
  ("for" .
   [3 0 0])
  ("say" .
   [1 0 0])
  ("here" .
   [8 0 0 0])
  ("love" .
   [3 0 0 1])
  ("holding" .
   [2 0 0 0 1 0 0])
  ("lived" .
   [0 0 0 0 1])
  ("your" .
   [3 0 0 0])
  ("hand" .
   [4 0 0 0])
  ("in" .
   [8 0])
  ("and" .
   [3 0 0])
  ("you" .
   [8 0 0])
  ("are" .
   [1 0 0])
  ("they" .
   [1 0 0 0])
  ("that" .
   [4 0 0 0])
  ("shingalingaling" .
   [0 0 0 0 0 1 0 0 0 0 0 0 0 0 0])
  ("every" .
   [1 0 0 0 0])
  ("can" .
   [3 0 0])
  ("to" .
   [2 0])
  ("span" .
   [5 0 0 0])
  ("--" .
   [2 0])
  ("We" .
   [1 0])
  ("Why" .
   [1 0 0])
  ("style" .
   [3 0 0 0 0])
  ("mouse" .
   [1 0 0 0 0])
  ("strong" .
   [1 0 0 0 0 0])
  ("Hardware" .
   [0 0 0 0 1 0 0 0])
  ("table" .
   [1 0 0 0 0])
  ("class" .
   [10 0 0 0 0])
  ("result" .
   [2 0 0 0 0 0])
  ("y" .
   [1])
  ("allpi" .
   [3 0 0 0 0])
  ("True" .
   [1 0 0 0])
  ("global" .
   [1 0 0 0 0 0])
  ("getintermediate" .
   [0 0 0 0 0 1 0 0 0 0 0 0 0 0 0])
  ("close" .
   [1 0 0 1 0])
  ("f" .
   [1])
  ("intermediate" .
   [0 0 0 0 0 1 2 0 0 0 1 0])
  ("limit" .
   [1 0 0 0 1])
  ("mpq" .
   [2 0 0])
  ("calcx" .
   [1 0 0 0 0])
  ("break" .
   [2 0 0 0 0])
  ("append" .
   [0 1 0 1 0 0])
  ("listx" .
   [3 0 0 0 0])
  ("next" .
   [1 0 0 0])
  ("p" .
   [2])
  ("pi" .
   [1 0])
  ("def" .
   [2 1 0])
  ("x" .
   [5])
  ("return" .
   [2 0 0 2 0 0])
  ("match" .
   [1 0 0 0 0])
  ("str" .
   [1 0 0])
  ("block" .
   [2 0 0 0 0])
  ("b" .
   [1])
  ("print" .
   [15 0 0 0 0])
  ("blocksize" .
   [0 0 0 2 1 1 1 0 0])
  ("n" .
   [11])
  ("not" .
   [3 0 0])
  ("ans" .
   [1 0 0])
  ("fin" .
   [8 0 0])
  ("length" .
   [0 0 1 2 2 0])
  ("pass" .
   [1 0 0 0])
  ("while" .
   [2 0 0 0 0])
  ("start_index" .
   [0 0 0 0 0 0 2 1 0 0 0])
  ("start" .
   [11 0 0 2 2])
  ("temp" .
   [1 0 0 0])
  ("printarr" .
   [0 0 0 0 0 0 0 2])
  ("arr" .
   [1 0 0])
  ("a" .
   [12])
  ("int" .
   [1 0 0])
  ("void" .
   [1 0 0 0])
  ("endl" .
   [2 0 0 0])
  ("cout" .
   [4 0 0 0])
  ("t" .
   [1])
  ("index" .
   [2 0 0 0 0])
  ("toggledist" .
   [0 0 0 1 1 0 1 0 0 0])
  ("s" .
   [1])
  ("insert" .
   [1 0 0 0 0 0])
  ("set" .
   [1 0 0])
  ("setq" .
   [3 0 0 1])
  ("-1" .
   [10 0])
  ("progn" .
   [2 0 0 0 0])
  ("Global" .
   [0 0 0 1 0 2])
  ("nil" .
   [1 0 0])
  ("linum-mode" .
   [1 0 0 6 3 4 0 0 0 0])
  ("if" .
   [10 0])
  ("message" .
   [0 0 0 0 1 0 0])
  ("log" .
   [1 0 0])
  ("console" .
   [0 0 0 0 0 1 0])
  ("logger" .
   [2 0 0 0 0 0])
  ("EventEmitter" .
   [0 0 0 1 1 0 0 0 0 0 0 0])
  ("require" .
   [1 0 0 0 0 0 0])
  ("var" .
   [2 0 0])
  ("write" .
   [1 0 0 1 0])
  ("function" .
   [1 0 0 0 1 0 0 0])
  ("setTimeout" .
   [0 0 0 1 0 0 0 0 0 0])
  ("response" .
   [1 0 0 0 2 0 1 0])
  ("defun" .
   [2 0 0 0 0])
  ("writeroom-mode" .
   [0 0 1 1 2 2 0 0 0 0 0 0 0 0])
  ("global-linum-mode" .
   [1 0 0 0 0 1 1 0 0 0 0 0 0 0 0 0 0])
  ("toggledistract" .
   [0 0 0 1 0 0 0 0 0 0 0 0 0 0])
  ("interactive" .
   [0 0 0 1 0 0 0 0 0 0 0])
  ("thread" .
   [1 0 0 0 0 0])
  ("array" .
   [0 0 0 1 0])
  ("xrange" .
   [0 0 0 1 0 0])
  ("i" .
   [4])
  ("key" .
   [1 0 0])
  ("found" .
   [3 0 0 0 0])
  ("System" .
   [2 0 1 0 0 0])
  ("Management" .
   [0 0 0 1 0 0 0 0 0 0])
  ("InfiniBand" .
   [0 0 0 0 1 0 0 0 0 0])
  ("Open" .
   [1 0 0 0])
  ("twelve" .
   [1 0 0 0 1 0])
  ("row" .
   [1 0 0])
  ("six" .
   [4 0 0])
  ("columns" .
   [2 0 0 2 0 0 0])
  ("five" .
   [1 0 0 0])
  ("two" .
   [1 0 0])
  ("one" .
   [1 0 0])
  ("overlay" .
   [1 0 0 0 0 0 0])
  ("You" .
   [1 0 0])
  ("nbsp" .
   [1 0 0 0])
  ("section" .
   [1 0 0 0 0 0 0])
  ("background" .
   [0 0 0 0 1 0 0 0 0 0])
  ("img" .
   [1 0 0])
  ("team" .
   [1 0 0 0])
  ("jpg" .
   [1 0 0])
  ("background-image" .
   [2 0 0 0 0 0 0 0 0 0 0 0 0 0 0 0])
  ("water" .
   [5 0 0 0 0])
  ("tapir_token" .
   [0 0 0 0 0 0 1 0 0 0 0])
  ("of" .
   [1 0])
  ("with" .
   [3 0 0 0])
  ("there" .
   [2 0 0 0 0])
  ("world" .
   [1 0 0 0 0])
  ("out" .
   [1 0 0])
  ("should" .
   [1 0 0 0 0 0])
  ("see" .
   [1 0 0])
  ("take" .
   [1 0 0 0])
  ("it" .
   [2 0])
  ("This" .
   [2 0 0 0])
  ("by" .
   [2 0])
  ("constant" .
   [0 0 0 0 0 0 1 0])
  ("power" .
   [1 0 0 0 0])
  ("storage" .
   [2 0 0 0 0 0 0])
  ("large" .
   [1 0 0 0 0])
  ("system" .
   [1 0 0 0 0 0])
  ("======" .
   [0 0 1 0 1 0])
  ("range" .
   [2 0 0 0 0])
  ("piv" .
   [5 0 0])
  ("bbp" .
   [2 0 0])
  ("max_block" .
   [0 0 0 0 0 1 0 0 0])
  ("bbp_index" .
   [1 0 0 0 1 0 0 0 0])
  ("cityid" .
   [0 0 1 0 0 0])
  ("monokai" .
   [2 0 0 0 0 0 0])
  ("fullscreen" .
   [0 0 0 0 0 1 1 0 0 0])
  ("sleep" .
   [1 0 0 0 0])))
